20829.000007308 0.000000000 
20829.001003751 0.000000000 
20829.002003239 0.000000000 
20829.003003151 0.000000000 
20829.004003276 0.000000000 
20829.005003263 0.000000000 
20829.006003196 0.000000000 
20829.007003362 0.000000000 
20829.008003509 0.000000000 
20829.009003292 0.000000000 
20829.010003199 0.000000000 
20829.011003269 0.000000000 
20829.012003334 0.000000000 
20829.013003297 0.000000000 
20829.014003215 0.000000000 
20829.015003419 0.000000000 
20829.016003131 0.000000000 
20829.017003265 0.000000000 
20829.018003311 0.000000000 
20829.019003137 0.000000000 
20829.020003427 0.000000000 
20829.021003113 0.000000000 
20829.022003486 0.000000000 
20829.023003136 0.000000000 
20829.024003084 0.000000000 
20829.025003575 0.000000000 
20829.026003301 0.000000000 
20829.027003424 0.000000000 
20829.028003101 0.000000000 
20829.029003242 0.000000000 
20829.030003188 0.000000000 
20829.031003097 0.000000000 
20829.032003053 0.000000000 
20829.033003174 0.000000000 
20829.034003215 0.000000000 
20829.035003189 0.000000000 
20829.036004527 0.000000000 
20829.037003163 0.000000000 
20829.038003205 0.000000000 
20829.039003112 0.000000000 
20829.040002941 0.000000000 
20829.041003272 0.000000000 
20829.042003170 0.000000000 
20829.043003086 0.000000000 
20829.044003112 0.000000000 
20829.045003201 0.000000000 
20829.046003234 0.000000000 
20829.047003100 0.000000000 
20829.048003125 0.000000000 
20829.049004179 0.000000000 
20829.050003098 0.000000000 
20829.051005672 0.000000000 
20829.052003227 0.000000000 
20829.053003175 0.000000000 
20829.054003102 0.000000000 
20829.055003069 0.000000000 
20829.056003184 0.000000000 
20829.057003270 0.000000000 
20829.058003488 0.000000000 
20829.059003074 0.000000000 
20829.060003334 0.000000000 
20829.061003176 0.000000000 
20829.062003298 0.000000000 
20829.063003123 0.000000000 
20829.064003198 0.000000000 
20829.065003267 0.000000000 
20829.066003132 0.000000000 
20829.067003067 0.000000000 
20829.068003153 0.000000000 
20829.069003260 0.000000000 
20829.070003047 0.000000000 
20829.071003085 0.000000000 
20829.072003143 0.000000000 
20829.073003200 0.000000000 
20829.074003024 0.000000000 
20829.075003096 0.000000000 
20829.076003204 0.000000000 
20829.077003162 0.000000000 
20829.078003136 0.000000000 
20829.079003061 0.000000000 
20829.080003148 0.000000000 
20829.081003139 0.000000000 
20829.082003058 0.000000000 
20829.083003092 0.000000000 
20829.084003153 0.000000000 
20829.085003178 0.000000000 
20829.086003106 0.000000000 
20829.087003121 0.000000000 
20829.088003123 0.000000000 
20829.089003414 0.000000000 
20829.090003122 0.000000000 
20829.091003093 0.000000000 
20829.092003141 0.000000000 
20829.093003181 0.000000000 
20829.094003117 0.000000000 
20829.095003137 0.000000000 
20829.096003156 0.000000000 
20829.097003117 0.000000000 
20829.098003196 0.000000000 
20829.099003239 0.000000000 
20829.100003161 0.000000000 
20829.101003173 0.000000000 
20829.102003148 0.000000000 
20829.103003470 0.000000000 
20829.104003048 0.000000000 
20829.105003235 0.000000000 
20829.106003138 0.000000000 
20829.107003225 0.000000000 
20829.108003353 0.000000000 
20829.109003105 0.000000000 
20829.110003097 0.000000000 
20829.111003054 0.000000000 
20829.112003219 0.000000000 
20829.113003149 0.000000000 
20829.114003061 0.000000000 
20829.115003138 0.000000000 
20829.116003105 0.000000000 
20829.117003175 0.000000000 
20829.118003123 0.000000000 
20829.119003077 0.000000000 
20829.120003100 0.000000000 
20829.121003175 0.000000000 
20829.122003140 0.000000000 
20829.123003082 0.000000000 
20829.124003208 0.000000000 
20829.125003138 0.000000000 
20829.126003065 0.000000000 
20829.127003032 0.000000000 
20829.128003077 0.000000000 
20829.129003196 0.000000000 
20829.130003115 0.000000000 
20829.131003057 0.000000000 
20829.132003498 0.000000000 
20829.133003443 0.000000000 
20829.134003485 0.000000000 
20829.135003407 0.000000000 
20829.136003206 0.000000000 
20829.137003400 0.000000000 
20829.138003414 0.000000000 
20829.139003370 0.000000000 
20829.140003326 0.000000000 
20829.141003202 0.000000000 
20829.142003092 0.000000000 
20829.143003094 0.000000000 
20829.144003386 0.000000000 
20829.145003371 0.000000000 
20829.146003139 0.000000000 
20829.147003021 0.000000000 
20829.148003161 0.000000000 
20829.149003766 0.000000000 
20829.150003099 0.000000000 
20829.151003225 0.000000000 
20829.152003198 0.000000000 
20829.153003152 0.000000000 
20829.154003073 0.000000000 
20829.155003068 0.000000000 
20829.156003148 0.000000000 
20829.157003410 0.000000000 
20829.158003389 0.000000000 
20829.159003596 0.000000000 
20829.160002949 0.000000000 
20829.161003215 0.000000000 
20829.162003300 0.000000000 
20829.163003042 0.000000000 
20829.164005162 0.000000000 
20829.165003248 0.000000000 
20829.166003111 0.000000000 
20829.167003102 0.000000000 
20829.168003239 0.000000000 
20829.169003133 0.000000000 
20829.170003069 0.000000000 
20829.171003053 0.000000000 
20829.172003222 0.000000000 
20829.173003141 0.000000000 
20829.174003178 0.000000000 
20829.175003129 0.000000000 
20829.176003148 0.000000000 
20829.177003112 0.000000000 
20829.178003190 0.000000000 
20829.179003023 0.000000000 
20829.180003091 0.000000000 
20829.181003068 0.000000000 
20829.182003096 0.000000000 
20829.183003111 0.000000000 
20829.184003123 0.000000000 
20829.185003120 0.000000000 
20829.186003226 0.000000000 
20829.187003052 0.000000000 
20829.188003164 0.000000000 
20829.189003041 0.000000000 
20829.190003198 0.000000000 
20829.191003607 0.000000000 
20829.192011931 0.000000000 
20829.193003896 0.000000000 
20829.194004631 0.000000000 
20829.195005898 0.000000000 
20829.196003835 0.000000000 
20829.197003479 0.000000000 
20829.198003114 0.000000000 
20829.199003523 0.000000000 
20829.200003631 0.000000000 
20829.201003638 0.000000000 
20829.202002974 0.000000000 
20829.203003416 0.000000000 
20829.204003455 0.000000000 
20829.205026940 0.000000000 
20829.206035672 0.000000000 
20829.207015821 0.000000000 
20829.208007823 0.000000000 
20829.209003318 0.000000000 
20829.210003056 0.000000000 
20829.211003384 0.000000000 
20829.212003782 0.000000000 
20829.213008321 0.000000000 
20829.214003587 0.000000000 
20829.215003303 0.000000000 
20829.216002989 0.000000000 
20829.217003513 0.000000000 
20829.218003000 0.000000000 
20829.219003658 0.000000000 
20829.220003306 0.000000000 
20829.221003589 0.000000000 
20829.222003026 0.000000000 
20829.223003231 0.000000000 
20829.224003153 0.000000000 
20829.225003115 0.000000000 
20829.226002810 0.000000000 
20829.227003118 0.000000000 
20829.228004198 0.000000000 
20829.229003134 0.000000000 
20829.230003267 0.000000000 
20829.231003095 0.000000000 
20829.232003001 0.000000000 
20829.233003487 0.000000000 
20829.234003180 0.000000000 
20829.235003132 0.000000000 
20829.236003139 0.000000000 
20829.237003086 0.000000000 
20829.238003289 0.000000000 
20829.239003267 0.000000000 
20829.240003524 0.000000000 
20829.241003080 0.000000000 
20829.242003206 0.000000000 
20829.243003189 0.000000000 
20829.244003149 0.000000000 
20829.245003071 0.000000000 
20829.246003159 0.000000000 
20829.247003120 0.000000000 
20829.248003061 0.000000000 
20829.249003928 0.000000000 
20829.250003216 0.000000000 
20829.251003090 0.000000000 
20829.252002877 0.000000000 
20829.253003368 0.000000000 
20829.254003107 0.000000000 
20829.255003076 0.000000000 
20829.256003295 0.000000000 
20829.257003300 0.000000000 
20829.258003407 0.000000000 
20829.259003112 0.000000000 
20829.260003193 0.000000000 
20829.261003263 0.000000000 
20829.262003414 0.000000000 
20829.263003090 0.000000000 
20829.264003167 0.000000000 
20829.265003364 0.000000000 
20829.266003159 0.000000000 
20829.267003096 0.000000000 
20829.268003203 0.000000000 
20829.269003416 0.000000000 
20829.270003124 0.000000000 
20829.271003372 0.000000000 
20829.272003240 0.000000000 
20829.273003237 0.000000000 
20829.274003218 0.000000000 
20829.275003113 0.000000000 
20829.276003149 0.000000000 
20829.277003319 0.000000000 
20829.278003253 0.000000000 
20829.279003008 0.000000000 
20829.280003091 0.000000000 
20829.281003181 0.000000000 
20829.282003236 0.000000000 
20829.283003504 0.000000000 
20829.284003085 0.000000000 
20829.285003103 0.000000000 
20829.286003084 0.000000000 
20829.287003193 0.000000000 
20829.288003164 0.000000000 
20829.289003345 0.000000000 
20829.290003137 0.000000000 
20829.291003221 0.000000000 
20829.292003138 0.000000000 
20829.293003131 0.000000000 
20829.294003111 0.000000000 
20829.295003138 0.000000000 
20829.296003562 0.000000000 
20829.297003138 0.000000000 
20829.298003086 0.000000000 
20829.299003106 0.000000000 
20829.300003100 0.000000000 
20829.301003092 0.000000000 
20829.302003220 0.000000000 
20829.303003450 0.000000000 
20829.304003166 0.000000000 
20829.305003282 0.000000000 
20829.306003036 0.000000000 
20829.307003378 0.000000000 
20829.308004325 0.000000000 
20829.309003234 0.000000000 
20829.310003241 0.000000000 
20829.311003107 0.000000000 
20829.312003198 0.000000000 
20829.313003076 0.000000000 
20829.314003088 0.000000000 
20829.315003051 0.000000000 
20829.316003113 0.000000000 
20829.317003173 0.000000000 
20829.318003058 0.000000000 
20829.319003080 0.000000000 
20829.320003156 0.000000000 
20829.321003147 0.000000000 
20829.322002979 0.000000000 
20829.323003088 0.000000000 
20829.324003231 0.000000000 
20829.325003071 0.000000000 
20829.326003136 0.000000000 
20829.327003116 0.000000000 
20829.328003137 0.000000000 
20829.329003108 0.000000000 
20829.330003065 0.000000000 
20829.331003111 0.000000000 
20829.332003159 0.000000000 
20829.333003146 0.000000000 
20829.334003083 0.000000000 
20829.335003053 0.000000000 
20829.336003165 0.000000000 
20829.337003146 0.000000000 
20829.338003075 0.000000000 
20829.339003064 0.000000000 
20829.340003173 0.000000000 
20829.341003152 0.000000000 
20829.342003100 0.000000000 
20829.343003072 0.000000000 
20829.344003210 0.000000000 
20829.345003155 0.000000000 
20829.346003260 0.000000000 
20829.347003071 0.000000000 
20829.348003203 0.000000000 
20829.349003245 0.000000000 
20829.350003104 0.000000000 
20829.351003126 0.000000000 
20829.352003153 0.000000000 
20829.353003148 0.000000000 
20829.354003169 0.000000000 
20829.355003835 0.000000000 
20829.356004642 0.000000000 
20829.357003293 0.000000000 
20829.358003375 0.000000000 
20829.359003083 0.000000000 
20829.360003230 0.000000000 
20829.361003125 0.000000000 
20829.362003279 0.000000000 
20829.363003059 0.000000000 
20829.364003194 0.000000000 
20829.365003153 0.000000000 
20829.366003136 0.000000000 
20829.367003036 0.000000000 
20829.368003189 0.000000000 
20829.369003077 0.000000000 
20829.370003035 0.000000000 
20829.371003000 0.000000000 
20829.372003213 0.000000000 
20829.373003236 0.000000000 
20829.374003115 0.000000000 
20829.375003118 0.000000000 
20829.376003146 0.000000000 
20829.377003094 0.000000000 
20829.378003046 0.000000000 
20829.379003038 0.000000000 
20829.380003183 0.000000000 
20829.381003257 0.000000000 
20829.382003094 0.000000000 
20829.383003088 0.000000000 
20829.384003112 0.000000000 
20829.385003194 0.000000000 
20829.386003064 0.000000000 
20829.387003021 0.000000000 
20829.388003226 0.000000000 
20829.389003291 0.000000000 
20829.390003077 0.000000000 
20829.391003067 0.000000000 
20829.392003141 0.000000000 
20829.393003133 0.000000000 
20829.394003105 0.000000000 
20829.395004864 0.000000000 
20829.396003373 0.000000000 
20829.397003071 0.000000000 
20829.398003335 0.000000000 
20829.399003120 0.000000000 
20829.400003123 0.000000000 
20829.401003087 0.000000000 
20829.402003222 0.000000000 
20829.403003173 0.000000000 
20829.404003112 0.000000000 
20829.405003059 0.000000000 
20829.406003128 0.000000000 
20829.407003244 0.000000000 
20829.408003565 0.000000000 
20829.409003414 0.000000000 
20829.410007020 0.000000000 
20829.411018486 0.000000000 
20829.412019146 0.000000000 
20829.413005379 0.000000000 
20829.414003749 0.000000000 
20829.415003258 0.000000000 
20829.416003450 0.000000000 
20829.417003484 0.000000000 
20829.418003380 0.000000000 
20829.419003286 0.000000000 
20829.420005485 0.000000000 
20829.421003735 0.000000000 
20829.422018721 0.000000000 
20829.423024067 0.000000000 
20829.424027538 0.000000000 
20829.425007173 0.000000000 
20829.426003429 0.000000000 
20829.427003363 0.000000000 
20829.428003295 0.000000000 
20829.429003240 0.000000000 
20829.430003416 0.000000000 
20829.431009192 0.000000000 
20829.432004855 0.000000000 
20829.433003391 0.000000000 
20829.434003149 0.000000000 
20829.435003816 0.000000000 
20829.436003317 0.000000000 
20829.437003517 0.000000000 
20829.438003183 0.000000000 
20829.439003332 0.000000000 
20829.440003180 0.000000000 
20829.441003191 0.000000000 
20829.442003135 0.000000000 
20829.443003270 0.000000000 
20829.444003258 0.000000000 
20829.445003122 0.000000000 
20829.446003158 0.000000000 
20829.447003458 0.000000000 
20829.448003192 0.000000000 
20829.449003146 0.000000000 
20829.450003861 0.000000000 
20829.451003657 0.000000000 
20829.452003185 0.000000000 
20829.453002912 0.000000000 
20829.454003029 0.000000000 
20829.455003233 0.000000000 
20829.456003117 0.000000000 
20829.457003082 0.000000000 
20829.458003666 0.000000000 
20829.459003289 0.000000000 
20829.460003161 0.000000000 
20829.461002960 0.000000000 
20829.462003192 0.000000000 
20829.463003276 0.000000000 
20829.464003121 0.000000000 
20829.465003258 0.000000000 
20829.466003116 0.000000000 
20829.467003109 0.000000000 
20829.468003100 0.000000000 
20829.469003246 0.000000000 
20829.470003216 0.000000000 
20829.471003121 0.000000000 
20829.472003628 0.000000000 
20829.473003221 0.000000000 
20829.474003057 0.000000000 
20829.475003107 0.000000000 
20829.476003115 0.000000000 
20829.477003581 0.000000000 
20829.478003103 0.000000000 
20829.479003342 0.000000000 
20829.480003182 0.000000000 
20829.481003144 0.000000000 
20829.482003927 0.000000000 
20829.483003251 0.000000000 
20829.484007385 0.000000000 
20829.485004769 0.000000000 
20829.486003331 0.000000000 
20829.487003417 0.000000000 
20829.488003280 0.000000000 
20829.489003314 0.000000000 
20829.490003135 0.000000000 
20829.491003117 0.000000000 
20829.492003513 0.000000000 
20829.493003285 0.000000000 
20829.494003163 0.000000000 
20829.495003103 0.000000000 
20829.496003253 0.000000000 
20829.497003187 0.000000000 
20829.498003178 0.000000000 
20829.499003049 0.000000000 
20829.500003484 0.000000000 
20829.501003215 0.000000000 
20829.502003117 0.000000000 
20829.503003203 0.000000000 
20829.504003264 0.000000000 
20829.505003170 0.000000000 
20829.506003158 0.000000000 
20829.507003274 0.000000000 
20829.508003385 0.000000000 
20829.509003324 0.000000000 
20829.510003143 0.000000000 
20829.511003146 0.000000000 
20829.512003319 0.000000000 
20829.513003398 0.000000000 
20829.514003198 0.000000000 
20829.515003069 0.000000000 
20829.516003209 0.000000000 
20829.517003189 0.000000000 
20829.518003148 0.000000000 
20829.519003267 0.000000000 
20829.520003606 0.000000000 
20829.521003172 0.000000000 
20829.522003110 0.000000000 
20829.523003053 0.000000000 
20829.524003102 0.000000000 
20829.525003164 0.000000000 
20829.526003151 0.000000000 
20829.527003077 0.000000000 
20829.528003230 0.000000000 
20829.529003177 0.000000000 
20829.530003161 0.000000000 
20829.531003066 0.000000000 
20829.532003199 0.000000000 
20829.533003282 0.000000000 
20829.534003124 0.000000000 
20829.535003021 0.000000000 
20829.536003117 0.000000000 
20829.537003150 0.000000000 
20829.538003082 0.000000000 
20829.539003111 0.000000000 
20829.540003086 0.000000000 
20829.541003278 0.000000000 
20829.542003109 0.000000000 
20829.543003038 0.000000000 
20829.544003192 0.000000000 
20829.545003226 0.000000000 
20829.546003190 0.000000000 
20829.547003095 0.000000000 
20829.548003153 0.000000000 
20829.549003131 0.000000000 
20829.550003836 0.000000000 
20829.551003135 0.000000000 
20829.552002856 0.000000000 
20829.553003311 0.000000000 
20829.554003278 0.000000000 
20829.555003084 0.000000000 
20829.556003111 0.000000000 
20829.557003294 0.000000000 
20829.558004030 0.000000000 
20829.559003364 0.000000000 
20829.560003062 0.000000000 
20829.561003669 0.000000000 
20829.562003259 0.000000000 
20829.563003309 0.000000000 
20829.564003136 0.000000000 
20829.565003492 0.000000000 
20829.566003258 0.000000000 
20829.567003177 0.000000000 
20829.568003129 0.000000000 
20829.569003134 0.000000000 
20829.570003123 0.000000000 
20829.571003111 0.000000000 
20829.572003108 0.000000000 
20829.573003221 0.000000000 
20829.574003076 0.000000000 
20829.575003263 0.000000000 
20829.576003030 0.000000000 
20829.577003197 0.000000000 
20829.578003217 0.000000000 
20829.579003111 0.000000000 
20829.580003131 0.000000000 
20829.581003179 0.000000000 
20829.582003248 0.000000000 
20829.583003133 0.000000000 
20829.584003125 0.000000000 
20829.585003161 0.000000000 
20829.586003098 0.000000000 
20829.587003167 0.000000000 
20829.588003041 0.000000000 
20829.589003186 0.000000000 
20829.590003105 0.000000000 
20829.591003027 0.000000000 
20829.592003094 0.000000000 
20829.593003103 0.000000000 
20829.594003171 0.000000000 
20829.595005186 0.000000000 
20829.596003426 0.000000000 
20829.597003265 0.000000000 
20829.598003189 0.000000000 
20829.599003161 0.000000000 
20829.600003062 0.000000000 
20829.601003218 0.000000000 
20829.602003222 0.000000000 
20829.603003161 0.000000000 
20829.604003109 0.000000000 
20829.605003080 0.000000000 
20829.606003135 0.000000000 
20829.607003158 0.000000000 
20829.608003336 0.000000000 
20829.609003438 0.000000000 
20829.610003126 0.000000000 
20829.611003116 0.000000000 
20829.612004539 0.000000000 
20829.613003395 0.000000000 
20829.614003230 0.000000000 
20829.615003195 0.000000000 
20829.616003072 0.000000000 
20829.617003186 0.000000000 
20829.618003111 0.000000000 
20829.619003136 0.000000000 
20829.620003064 0.000000000 
20829.621003124 0.000000000 
20829.622003204 0.000000000 
20829.623003175 0.000000000 
20829.624003121 0.000000000 
20829.625003111 0.000000000 
20829.626003157 0.000000000 
20829.627003170 0.000000000 
20829.628003101 0.000000000 
20829.629003167 0.000000000 
20829.630003265 0.000000000 
20829.631003244 0.000000000 
20829.632003552 0.000000000 
20829.633003059 0.000000000 
20829.634003063 0.000000000 
20829.635003113 0.000000000 
20829.636003090 0.000000000 
20829.637003106 0.000000000 
20829.638003599 0.000000000 
20829.639003182 0.000000000 
20829.640003148 0.000000000 
20829.641003163 0.000000000 
20829.642003141 0.000000000 
20829.643003218 0.000000000 
20829.644003239 0.000000000 
20829.645003123 0.000000000 
20829.646003189 0.000000000 
20829.647003193 0.000000000 
20829.648003059 0.000000000 
20829.649003066 0.000000000 
20829.650003855 0.000000000 
20829.651003165 0.000000000 
20829.652003018 0.000000000 
20829.653003182 0.000000000 
20829.654003137 0.000000000 
20829.655003050 0.000000000 
20829.656003104 0.000000000 
20829.657003169 0.000000000 
20829.658003227 0.000000000 
20829.659003417 0.000000000 
20829.660003051 0.000000000 
20829.661003285 0.000000000 
20829.662003150 0.000000000 
20829.663003323 0.000000000 
20829.664003294 0.000000000 
20829.665003158 0.000000000 
20829.666003174 0.000000000 
20829.667003132 0.000000000 
20829.668003096 0.000000000 
20829.669003162 0.000000000 
20829.670003279 0.000000000 
20829.671003127 0.000000000 
20829.672003081 0.000000000 
20829.673003101 0.000000000 
20829.674003218 0.000000000 
20829.675003026 0.000000000 
20829.676005267 0.000000000 
20829.677004490 0.000000000 
20829.678003321 0.000000000 
20829.679003086 0.000000000 
20829.680003258 0.000000000 
20829.681003119 0.000000000 
20829.682003063 0.000000000 
20829.683003113 0.000000000 
20829.684003115 0.000000000 
20829.685003252 0.000000000 
20829.686003895 0.000000000 
20829.687003072 0.000000000 
20829.688003262 0.000000000 
20829.689003153 0.000000000 
20829.690003121 0.000000000 
20829.691003106 0.000000000 
20829.692003226 0.000000000 
20829.693003256 0.000000000 
20829.694003083 0.000000000 
20829.695003208 0.000000000 
20829.696003482 0.000000000 
20829.697003148 0.000000000 
20829.698003102 0.000000000 
20829.699003096 0.000000000 
20829.700003171 0.000000000 
20829.701003279 0.000000000 
20829.702003170 0.000000000 
20829.703003072 0.000000000 
20829.704003170 0.000000000 
20829.705003139 0.000000000 
20829.706003128 0.000000000 
20829.707003105 0.000000000 
20829.708003173 0.000000000 
20829.709003477 0.000000000 
20829.710003183 0.000000000 
20829.711002890 0.000000000 
20829.712003393 0.000000000 
20829.713003268 0.000000000 
20829.714003105 0.000000000 
20829.715003173 0.000000000 
20829.716003241 0.000000000 
20829.717003152 0.000000000 
20829.718003098 0.000000000 
20829.719003087 0.000000000 
20829.720003258 0.000000000 
20829.721003131 0.000000000 
20829.722003087 0.000000000 
20829.723003211 0.000000000 
20829.724003302 0.000000000 
20829.725003333 0.000000000 
20829.726003144 0.000000000 
20829.727003077 0.000000000 
20829.728003097 0.000000000 
20829.729003119 0.000000000 
20829.730003140 0.000000000 
20829.731003539 0.000000000 
20829.732003300 0.000000000 
20829.733003322 0.000000000 
20829.734003544 0.000000000 
20829.735003160 0.000000000 
20829.736003277 0.000000000 
20829.737003115 0.000000000 
20829.738003156 0.000000000 
20829.739003038 0.000000000 
20829.740003168 0.000000000 
20829.741003122 0.000000000 
20829.742003144 0.000000000 
20829.743003075 0.000000000 
20829.744003006 0.000000000 
20829.745003273 0.000000000 
20829.746003108 0.000000000 
20829.747003215 0.000000000 
20829.748003206 0.000000000 
20829.749003104 0.000000000 
20829.750003224 0.000000000 
20829.751003156 0.000000000 
20829.752003227 0.000000000 
20829.753003074 0.000000000 
20829.754003043 0.000000000 
20829.755003095 0.000000000 
20829.756003246 0.000000000 
20829.757003109 0.000000000 
20829.758003056 0.000000000 
20829.759003359 0.000000000 
20829.760003259 0.000000000 
20829.761003197 0.000000000 
20829.762003077 0.000000000 
20829.763003243 0.000000000 
20829.764003107 0.000000000 
20829.765003150 0.000000000 
20829.766003046 0.000000000 
20829.767003154 0.000000000 
20829.768003294 0.000000000 
20829.769003109 0.000000000 
20829.770003132 0.000000000 
20829.771003204 0.000000000 
20829.772003267 0.000000000 
20829.773003071 0.000000000 
20829.774003148 0.000000000 
20829.775003185 0.000000000 
20829.776003251 0.000000000 
20829.777003170 0.000000000 
20829.778003123 0.000000000 
20829.779003181 0.000000000 
20829.780003251 0.000000000 
20829.781003266 0.000000000 
20829.782003072 0.000000000 
20829.783003255 0.000000000 
20829.784003158 0.000000000 
20829.785003158 0.000000000 
20829.786003080 0.000000000 
20829.787003158 0.000000000 
20829.788003156 0.000000000 
20829.789003112 0.000000000 
20829.790003235 0.000000000 
20829.791003211 0.000000000 
20829.792003314 0.000000000 
20829.793018447 0.000000000 
20829.794016580 0.000000000 
20829.795013923 0.000000000 
20829.796005131 0.000000000 
20829.797003488 0.000000000 
20829.798003674 0.000000000 
20829.799003144 0.000000000 
20829.800003734 0.000000000 
20829.801003476 0.000000000 
20829.802003091 0.000000000 
20829.803002962 0.000000000 
20829.804005506 0.000000000 
20829.805007448 0.000000000 
20829.806019613 0.000000000 
20829.807013827 0.000000000 
20829.808018375 0.000000000 
20829.809003938 0.000000000 
20829.810003086 0.000000000 
20829.811003410 0.000000000 
20829.812003700 0.000000000 
20829.813003528 0.000000000 
20829.814003311 0.000000000 
20829.815003186 0.000000000 
20829.816003294 0.000000000 
20829.817003433 0.000000000 
20829.818004602 0.000000000 
20829.819003144 0.000000000 
20829.820003449 0.000000000 
20829.821003360 0.000000000 
20829.822003596 0.000000000 
20829.823003142 0.000000000 
20829.824003264 0.000000000 
20829.825003039 0.000000000 
20829.826003178 0.000000000 
20829.827003542 0.000000000 
20829.828003167 0.000000000 
20829.829003167 0.000000000 
20829.830003023 0.000000000 
20829.831003325 0.000000000 
20829.832003034 0.000000000 
20829.833003170 0.000000000 
20829.834002939 0.000000000 
20829.835003233 0.000000000 
20829.836003127 0.000000000 
20829.837003045 0.000000000 
20829.838003902 0.000000000 
20829.839003251 0.000000000 
20829.840004312 0.000000000 
20829.841003088 0.000000000 
20829.842003192 0.000000000 
20829.843003153 0.000000000 
20829.844003140 0.000000000 
20829.845003127 0.000000000 
20829.846003108 0.000000000 
20829.847003314 0.000000000 
20829.848003078 0.000000000 
20829.849003036 0.000000000 
20829.850003129 0.000000000 
20829.851004088 0.000000000 
20829.852003210 0.000000000 
20829.853003116 0.000000000 
20829.854003188 0.000000000 
20829.855003196 0.000000000 
20829.856003058 0.000000000 
20829.857003103 0.000000000 
20829.858005031 0.000000000 
20829.859003578 0.000000000 
20829.860003162 0.000000000 
20829.861003557 0.000000000 
20829.862003135 0.000000000 
20829.863003640 0.000000000 
20829.864003047 0.000000000 
20829.865003241 0.000000000 
20829.866003266 0.000000000 
20829.867003083 0.000000000 
20829.868005789 0.000000000 
20829.869004446 0.000000000 
20829.870003339 0.000000000 
20829.871003151 0.000000000 
20829.872003275 0.000000000 
20829.873003327 0.000000000 
20829.874003241 0.000000000 
20829.875003138 0.000000000 
20829.876003168 0.000000000 
20829.877003196 0.000000000 
20829.878003110 0.000000000 
20829.879003071 0.000000000 
20829.880003178 0.000000000 
20829.881003270 0.000000000 
20829.882003519 0.000000000 
20829.883003402 0.000000000 
20829.884003308 0.000000000 
20829.885003249 0.000000000 
20829.886003118 0.000000000 
20829.887003646 0.000000000 
20829.888003475 0.000000000 
20829.889003296 0.000000000 
20829.890003264 0.000000000 
20829.891003167 0.000000000 
20829.892003210 0.000000000 
20829.893003452 0.000000000 
20829.894003152 0.000000000 
20829.895003115 0.000000000 
20829.896003542 0.000000000 
20829.897003259 0.000000000 
20829.898003022 0.000000000 
20829.899003119 0.000000000 
20829.900003111 0.000000000 
20829.901003268 0.000000000 
20829.902003294 0.000000000 
20829.903003160 0.000000000 
20829.904003505 0.000000000 
20829.905003167 0.000000000 
20829.906003330 0.000000000 
20829.907003127 0.000000000 
20829.908003208 0.000000000 
20829.909010422 0.000000000 
20829.910003478 0.000000000 
20829.911003137 0.000000000 
20829.912003276 0.000000000 
20829.913003473 0.000000000 
20829.914003099 0.000000000 
20829.915003157 0.000000000 
20829.916003123 0.000000000 
20829.917003177 0.000000000 
20829.918003807 0.000000000 
20829.919003174 0.000000000 
20829.920003193 0.000000000 
20829.921003201 0.000000000 
20829.922003108 0.000000000 
20829.923003225 0.000000000 
20829.924003799 0.000000000 
20829.925003307 0.000000000 
20829.926009267 0.000000000 
20829.927016072 0.000000000 
20829.928012553 0.000000000 
20829.929003236 0.000000000 
20829.930003356 0.000000000 
20829.931003172 0.000000000 
20829.932003494 0.000000000 
20829.933003325 0.000000000 
20829.934005223 0.000000000 
20829.935003332 0.000000000 
20829.936003198 0.000000000 
20829.937003633 0.000000000 
20829.938003177 0.000000000 
20829.939016763 0.000000000 
20829.940016646 0.000000000 
20829.941017297 0.000000000 
20829.942015635 0.000000000 
20829.943003247 0.000000000 
20829.944003442 0.000000000 
20829.945003663 0.000000000 
20829.946004282 0.000000000 
20829.947003342 0.000000000 
20829.948003258 0.000000000 
20829.949003399 0.000000000 
20829.950003409 0.000000000 
20829.951004067 0.000000000 
20829.952003452 0.000000000 
20829.953003174 0.000000000 
20829.954003104 0.000000000 
20829.955003270 0.000000000 
20829.956003060 0.000000000 
20829.957003212 0.000000000 
20829.958004272 0.000000000 
20829.959003511 0.000000000 
20829.960003271 0.000000000 
20829.961003230 0.000000000 
20829.962003568 0.000000000 
20829.963003402 0.000000000 
20829.964003847 0.000000000 
20829.965006190 0.000000000 
20829.966002962 0.000000000 
20829.967003255 0.000000000 
20829.968003112 0.000000000 
20829.969003252 0.000000000 
20829.970003682 0.000000000 
20829.971003321 0.000000000 
20829.972003261 0.000000000 
20829.973003144 0.000000000 
20829.974003442 0.000000000 
20829.975003178 0.000000000 
20829.976003375 0.000000000 
20829.977003121 0.000000000 
20829.978003301 0.000000000 
20829.979003277 0.000000000 
20829.980003091 0.000000000 
20829.981003131 0.000000000 
20829.982003137 0.000000000 
20829.983003264 0.000000000 
20829.984003144 0.000000000 
20829.985003609 0.000000000 
20829.986003140 0.000000000 
20829.987003271 0.000000000 
20829.988003211 0.000000000 
20829.989003595 0.000000000 
20829.990003661 0.000000000 
20829.991003243 0.000000000 
20829.992003215 0.000000000 
20829.993003588 0.000000000 
20829.994003268 0.000000000 
20829.995003238 0.000000000 
20829.996006933 0.000000000 
20829.997003421 0.000000000 
20829.998003260 0.000000000 
20829.999003574 0.000000000 
20830.000003685 0.000000000 
20830.001003070 0.000000000 
20830.002003118 0.000000000 
20830.003002883 0.000000000 
20830.004003338 0.000000000 
20830.005003123 0.000000000 
20830.006003108 0.000000000 
20830.007003030 0.000000000 
20830.008003246 0.000000000 
20830.009003463 0.000000000 
20830.010003120 0.000000000 
20830.011003205 0.000000000 
20830.012004541 0.000000000 
20830.013003215 0.000000000 
20830.014003147 0.000000000 
20830.015003242 0.000000000 
20830.016003252 0.000000000 
20830.017003104 0.000000000 
20830.018003168 0.000000000 
20830.019003063 0.000000000 
20830.020003170 0.000000000 
20830.021003158 0.000000000 
20830.022003231 0.000000000 
20830.023003179 0.000000000 
20830.024003386 0.000000000 
20830.025003172 0.000000000 
20830.026003284 0.000000000 
20830.027003246 0.000000000 
20830.028003150 0.000000000 
20830.029003080 0.000000000 
20830.030003101 0.000000000 
20830.031003397 0.000000000 
20830.032003203 0.000000000 
20830.033003138 0.000000000 
20830.034003289 0.000000000 
20830.035003205 0.000000000 
20830.036003321 0.000000000 
20830.037003324 0.000000000 
20830.038003239 0.000000000 
20830.039003124 0.000000000 
20830.040003322 0.000000000 
20830.041003049 0.000000000 
20830.042003143 0.000000000 
20830.043003098 0.000000000 
20830.044003149 0.000000000 
20830.045003261 0.000000000 
20830.046003102 0.000000000 
20830.047003148 0.000000000 
20830.048003270 0.000000000 
20830.049003093 0.000000000 
20830.050003054 0.000000000 
20830.051003826 0.000000000 
20830.052003766 0.000000000 
20830.053003107 0.000000000 
20830.054003215 0.000000000 
20830.055003150 0.000000000 
20830.056003285 0.000000000 
20830.057003083 0.000000000 
20830.058003244 0.000000000 
20830.059003502 0.000000000 
20830.060005808 0.000000000 
20830.061004387 0.000000000 
20830.062003242 0.000000000 
20830.063003430 0.000000000 
20830.064003307 0.000000000 
20830.065003323 0.000000000 
20830.066003155 0.000000000 
20830.067003088 0.000000000 
20830.068003171 0.000000000 
20830.069003181 0.000000000 
20830.070003295 0.000000000 
20830.071003633 0.000000000 
20830.072003321 0.000000000 
20830.073003155 0.000000000 
20830.074003168 0.000000000 
20830.075003608 0.000000000 
20830.076003085 0.000000000 
20830.077003146 0.000000000 
20830.078003189 0.000000000 
20830.079003138 0.000000000 
20830.080003122 0.000000000 
20830.081003245 0.000000000 
20830.082003100 0.000000000 
20830.083003079 0.000000000 
20830.084003146 0.000000000 
20830.085003154 0.000000000 
20830.086003129 0.000000000 
20830.087003122 0.000000000 
20830.088003146 0.000000000 
20830.089003167 0.000000000 
20830.090003140 0.000000000 
20830.091003078 0.000000000 
20830.092003350 0.000000000 
20830.093003204 0.000000000 
20830.094003175 0.000000000 
20830.095003153 0.000000000 
20830.096003226 0.000000000 
20830.097003161 0.000000000 
20830.098003103 0.000000000 
20830.099003086 0.000000000 
20830.100003125 0.000000000 
20830.101003147 0.000000000 
20830.102003106 0.000000000 
20830.103003123 0.000000000 
20830.104003187 0.000000000 
20830.105003179 0.000000000 
20830.106003137 0.000000000 
20830.107003267 0.000000000 
20830.108003135 0.000000000 
20830.109003486 0.000000000 
20830.110003103 0.000000000 
20830.111003070 0.000000000 
20830.112003245 0.000000000 
20830.113003372 0.000000000 
20830.114003033 0.000000000 
20830.115003158 0.000000000 
20830.116003176 0.000000000 
20830.117003180 0.000000000 
20830.118003123 0.000000000 
20830.119003070 0.000000000 
20830.120003147 0.000000000 
20830.121003138 0.000000000 
20830.122003059 0.000000000 
20830.123003143 0.000000000 
20830.124003187 0.000000000 
20830.125003139 0.000000000 
20830.126003097 0.000000000 
20830.127003056 0.000000000 
20830.128002940 0.000000000 
20830.129003412 0.000000000 
20830.130003093 0.000000000 
20830.131003097 0.000000000 
20830.132003136 0.000000000 
20830.133003139 0.000000000 
20830.134003085 0.000000000 
20830.135003102 0.000000000 
20830.136003115 0.000000000 
20830.137003135 0.000000000 
20830.138003265 0.000000000 
20830.139003049 0.000000000 
20830.140003088 0.000000000 
20830.141003197 0.000000000 
20830.142003127 0.000000000 
20830.143003095 0.000000000 
20830.144003092 0.000000000 
20830.145003090 0.000000000 
20830.146003155 0.000000000 
20830.147003337 0.000000000 
20830.148003092 0.000000000 
20830.149003175 0.000000000 
20830.150003074 0.000000000 
20830.151003116 0.000000000 
20830.152003018 0.000000000 
20830.153003093 0.000000000 
20830.154003158 0.000000000 
20830.155003126 0.000000000 
20830.156003163 0.000000000 
20830.157003132 0.000000000 
20830.158003125 0.000000000 
20830.159003373 0.000000000 
20830.160003113 0.000000000 
20830.161003138 0.000000000 
20830.162003118 0.000000000 
20830.163003285 0.000000000 
20830.164003203 0.000000000 
20830.165003198 0.000000000 
20830.166003124 0.000000000 
20830.167003080 0.000000000 
20830.168003107 0.000000000 
20830.169003382 0.000000000 
20830.170003120 0.000000000 
20830.171003086 0.000000000 
20830.172003094 0.000000000 
20830.173003194 0.000000000 
20830.174003107 0.000000000 
20830.175007179 0.000000000 
20830.176003188 0.000000000 
20830.177003205 0.000000000 
20830.178003089 0.000000000 
20830.179003073 0.000000000 
20830.180003062 0.000000000 
20830.181003162 0.000000000 
20830.182003218 0.000000000 
20830.183003308 0.000000000 
20830.184003151 0.000000000 
20830.185003248 0.000000000 
20830.186003110 0.000000000 
20830.187003112 0.000000000 
20830.188004620 0.000000000 
20830.189003275 0.000000000 
20830.190003038 0.000000000 
20830.191003087 0.000000000 
20830.192002979 0.000000000 
20830.193003284 0.000000000 
20830.194003101 0.000000000 
20830.195003133 0.000000000 
20830.196005146 0.000000000 
20830.197003429 0.000000000 
20830.198003223 0.000000000 
20830.199003525 0.000000000 
20830.200003190 0.000000000 
20830.201003111 0.000000000 
20830.202003069 0.000000000 
20830.203003187 0.000000000 
20830.204003259 0.000000000 
20830.205003328 0.000000000 
20830.206003067 0.000000000 
20830.207003110 0.000000000 
20830.208003385 0.000000000 
20830.209003518 0.000000000 
20830.210003083 0.000000000 
20830.211003197 0.000000000 
20830.212003330 0.000000000 
20830.213003372 0.000000000 
20830.214003135 0.000000000 
20830.215003242 0.000000000 
20830.216003172 0.000000000 
20830.217003081 0.000000000 
20830.218003066 0.000000000 
20830.219003148 0.000000000 
20830.220003135 0.000000000 
20830.221003043 0.000000000 
20830.222003074 0.000000000 
20830.223003193 0.000000000 
20830.224003173 0.000000000 
20830.225003063 0.000000000 
20830.226003116 0.000000000 
20830.227003126 0.000000000 
20830.228003272 0.000000000 
20830.229003040 0.000000000 
20830.230003159 0.000000000 
20830.231003090 0.000000000 
20830.232003235 0.000000000 
20830.233003077 0.000000000 
20830.234003133 0.000000000 
20830.235003557 0.000000000 
20830.236003156 0.000000000 
20830.237003054 0.000000000 
20830.238003115 0.000000000 
20830.239003175 0.000000000 
20830.240003334 0.000000000 
20830.241003094 0.000000000 
20830.242003092 0.000000000 
20830.243003097 0.000000000 
20830.244003151 0.000000000 
20830.245003068 0.000000000 
20830.246003106 0.000000000 
20830.247003188 0.000000000 
20830.248003204 0.000000000 
20830.249003075 0.000000000 
20830.250003126 0.000000000 
20830.251003106 0.000000000 
20830.252006193 0.000000000 
20830.253004224 0.000000000 
20830.254003296 0.000000000 
20830.255003196 0.000000000 
20830.256003185 0.000000000 
20830.257003199 0.000000000 
20830.258003292 0.000000000 
20830.259003436 0.000000000 
20830.260003183 0.000000000 
20830.261003310 0.000000000 
20830.262003199 0.000000000 
20830.263003357 0.000000000 
20830.264003124 0.000000000 
20830.265003129 0.000000000 
20830.266003156 0.000000000 
20830.267003051 0.000000000 
20830.268003227 0.000000000 
20830.269003235 0.000000000 
20830.270003126 0.000000000 
20830.271003086 0.000000000 
20830.272003083 0.000000000 
20830.273003242 0.000000000 
20830.274003274 0.000000000 
20830.275003604 0.000000000 
20830.276003174 0.000000000 
20830.277003265 0.000000000 
20830.278003260 0.000000000 
20830.279003088 0.000000000 
20830.280003217 0.000000000 
20830.281003256 0.000000000 
20830.282003067 0.000000000 
20830.283003298 0.000000000 
20830.284003538 0.000000000 
20830.285003256 0.000000000 
20830.286003284 0.000000000 
20830.287003105 0.000000000 
20830.288003136 0.000000000 
20830.289003164 0.000000000 
20830.290003115 0.000000000 
20830.291003276 0.000000000 
20830.292003632 0.000000000 
20830.293003149 0.000000000 
20830.294003153 0.000000000 
20830.295003183 0.000000000 
20830.296003114 0.000000000 
20830.297003149 0.000000000 
20830.298003339 0.000000000 
20830.299003139 0.000000000 
20830.300003167 0.000000000 
20830.301003176 0.000000000 
20830.302003163 0.000000000 
20830.303003153 0.000000000 
20830.304003133 0.000000000 
20830.305003142 0.000000000 
20830.306003234 0.000000000 
20830.307003117 0.000000000 
20830.308003178 0.000000000 
20830.309003481 0.000000000 
20830.310003248 0.000000000 
20830.311003532 0.000000000 
20830.312003126 0.000000000 
20830.313003345 0.000000000 
20830.314003119 0.000000000 
20830.315003275 0.000000000 
20830.316003604 0.000000000 
20830.317003278 0.000000000 
20830.318003400 0.000000000 
20830.319003203 0.000000000 
20830.320003094 0.000000000 
20830.321003386 0.000000000 
20830.322003067 0.000000000 
20830.323003120 0.000000000 
20830.324003140 0.000000000 
20830.325003334 0.000000000 
20830.326003079 0.000000000 
20830.327003139 0.000000000 
20830.328003123 0.000000000 
20830.329003308 0.000000000 
20830.330003094 0.000000000 
20830.331003121 0.000000000 
20830.332003104 0.000000000 
20830.333003183 0.000000000 
20830.334003048 0.000000000 
20830.335003086 0.000000000 
20830.336003111 0.000000000 
20830.337003202 0.000000000 
20830.338003169 0.000000000 
20830.339003121 0.000000000 
20830.340003110 0.000000000 
20830.341003123 0.000000000 
20830.342003373 0.000000000 
20830.343003044 0.000000000 
20830.344003208 0.000000000 
20830.345003179 0.000000000 
20830.346003149 0.000000000 
20830.347003132 0.000000000 
20830.348003116 0.000000000 
20830.349003154 0.000000000 
20830.350003081 0.000000000 
20830.351003484 0.000000000 
20830.352003800 0.000000000 
20830.353003097 0.000000000 
20830.354003112 0.000000000 
20830.355003081 0.000000000 
20830.356003144 0.000000000 
20830.357003445 0.000000000 
20830.358003140 0.000000000 
20830.359003368 0.000000000 
20830.360003137 0.000000000 
20830.361003130 0.000000000 
20830.362002999 0.000000000 
20830.363003106 0.000000000 
20830.364003230 0.000000000 
20830.365003149 0.000000000 
20830.366002998 0.000000000 
20830.367003203 0.000000000 
20830.368003180 0.000000000 
20830.369003116 0.000000000 
20830.370003093 0.000000000 
20830.371003113 0.000000000 
20830.372003104 0.000000000 
20830.373003277 0.000000000 
20830.374003024 0.000000000 
20830.375003121 0.000000000 
20830.376003157 0.000000000 
20830.377003080 0.000000000 
20830.378003090 0.000000000 
20830.379003171 0.000000000 
20830.380004388 0.000000000 
20830.381003269 0.000000000 
20830.382003272 0.000000000 
20830.383003180 0.000000000 
20830.384003146 0.000000000 
20830.385003183 0.000000000 
20830.386003110 0.000000000 
20830.387003138 0.000000000 
20830.388003128 0.000000000 
20830.389003170 0.000000000 
20830.390003040 0.000000000 
20830.391003139 0.000000000 
20830.392003085 0.000000000 
20830.393003492 0.000000000 
20830.394009948 0.000000000 
20830.395025462 0.000000000 
20830.396018489 0.000000000 
20830.397005433 0.000000000 
20830.398004149 0.000000000 
20830.399003487 0.000000000 
20830.400003234 0.000000000 
20830.401003552 0.000000000 
20830.402003312 0.000000000 
20830.403003293 0.000000000 
20830.404003375 0.000000000 
20830.405003312 0.000000000 
20830.406022572 0.000000000 
20830.407031419 0.000000000 
20830.408019153 0.000000000 
20830.409009262 0.000000000 
20830.410003530 0.000000000 
20830.411003377 0.000000000 
20830.412003273 0.000000000 
20830.413003485 0.000000000 
20830.414005868 0.000000000 
20830.415003340 0.000000000 
20830.416003065 0.000000000 
20830.417003320 0.000000000 
20830.418003103 0.000000000 
20830.419003168 0.000000000 
20830.420003016 0.000000000 
20830.421003296 0.000000000 
20830.422003151 0.000000000 
20830.423003138 0.000000000 
20830.424003461 0.000000000 
20830.425003803 0.000000000 
20830.426008359 0.000000000 
20830.427018788 0.000000000 
20830.428026676 0.000000000 
20830.429004048 0.000000000 
20830.430003801 0.000000000 
20830.431005458 0.000000000 
20830.432005561 0.000000000 
20830.433003496 0.000000000 
20830.434003398 0.000000000 
20830.435003151 0.000000000 
20830.436003323 0.000000000 
20830.437003174 0.000000000 
20830.438003303 0.000000000 
20830.439008602 0.000000000 
20830.440019040 0.000000000 
20830.441013253 0.000000000 
20830.442012612 0.000000000 
20830.443003590 0.000000000 
20830.444008949 0.000000000 
20830.445005678 0.000000000 
20830.446003384 0.000000000 
20830.447003624 0.000000000 
20830.448003077 0.000000000 
20830.449003679 0.000000000 
20830.450003183 0.000000000 
20830.451003247 0.000000000 
20830.452004320 0.000000000 
20830.453003384 0.000000000 
20830.454003282 0.000000000 
20830.455003120 0.000000000 
20830.456003172 0.000000000 
20830.457003155 0.000000000 
20830.458003441 0.000000000 
20830.459004366 0.000000000 
20830.460003429 0.000000000 
20830.461003109 0.000000000 
20830.462003186 0.000000000 
20830.463003198 0.000000000 
20830.464003265 0.000000000 
20830.465003065 0.000000000 
20830.466003144 0.000000000 
20830.467003393 0.000000000 
20830.468003190 0.000000000 
20830.469003117 0.000000000 
20830.470003131 0.000000000 
20830.471003326 0.000000000 
20830.472003578 0.000000000 
20830.473003280 0.000000000 
20830.474003084 0.000000000 
20830.475003385 0.000000000 
20830.476003131 0.000000000 
20830.477003074 0.000000000 
20830.478003111 0.000000000 
20830.479003034 0.000000000 
20830.480003246 0.000000000 
20830.481003115 0.000000000 
20830.482003053 0.000000000 
20830.483003137 0.000000000 
20830.484004918 0.000000000 
20830.485003099 0.000000000 
20830.486003170 0.000000000 
20830.487003424 0.000000000 
20830.488003167 0.000000000 
20830.489003088 0.000000000 
20830.490003173 0.000000000 
20830.491003327 0.000000000 
20830.492003282 0.000000000 
20830.493003108 0.000000000 
20830.494003071 0.000000000 
20830.495003168 0.000000000 
20830.496003181 0.000000000 
20830.497003085 0.000000000 
20830.498003094 0.000000000 
20830.499003179 0.000000000 
20830.500003129 0.000000000 
20830.501003120 0.000000000 
20830.502003241 0.000000000 
20830.503003502 0.000000000 
20830.504003693 0.000000000 
20830.505003497 0.000000000 
20830.506003280 0.000000000 
20830.507003217 0.000000000 
20830.508003254 0.000000000 
20830.509003679 0.000000000 
20830.510004039 0.000000000 
20830.511003217 0.000000000 
20830.512002992 0.000000000 
20830.513003383 0.000000000 
20830.514003364 0.000000000 
20830.515003471 0.000000000 
20830.516003367 0.000000000 
20830.517003096 0.000000000 
20830.518003085 0.000000000 
20830.519003228 0.000000000 
20830.520003118 0.000000000 
20830.521003131 0.000000000 
20830.522003425 0.000000000 
20830.523003165 0.000000000 
20830.524003282 0.000000000 
20830.525003093 0.000000000 
20830.526003086 0.000000000 
20830.527002858 0.000000000 
20830.528003164 0.000000000 
20830.529003102 0.000000000 
20830.530003261 0.000000000 
20830.531003313 0.000000000 
20830.532003135 0.000000000 
20830.533003152 0.000000000 
20830.534003075 0.000000000 
20830.535003201 0.000000000 
20830.536003163 0.000000000 
20830.537003108 0.000000000 
20830.538003070 0.000000000 
20830.539003061 0.000000000 
20830.540003114 0.000000000 
20830.541003122 0.000000000 
20830.542003057 0.000000000 
20830.543003194 0.000000000 
20830.544003193 0.000000000 
20830.545003108 0.000000000 
20830.546003127 0.000000000 
20830.547003166 0.000000000 
20830.548003132 0.000000000 
20830.549003134 0.000000000 
20830.550003065 0.000000000 
20830.551003157 0.000000000 
20830.552003191 0.000000000 
20830.553003061 0.000000000 
20830.554002995 0.000000000 
20830.555003150 0.000000000 
20830.556003057 0.000000000 
20830.557003140 0.000000000 
20830.558003136 0.000000000 
20830.559003208 0.000000000 
20830.560003520 0.000000000 
20830.561003109 0.000000000 
20830.562003171 0.000000000 
20830.563003163 0.000000000 
20830.564003170 0.000000000 
20830.565003163 0.000000000 
20830.566003099 0.000000000 
20830.567003095 0.000000000 
20830.568003126 0.000000000 
20830.569003083 0.000000000 
20830.570003086 0.000000000 
20830.571003089 0.000000000 
20830.572004600 0.000000000 
20830.573003268 0.000000000 
20830.574003238 0.000000000 
20830.575003668 0.000000000 
20830.576003556 0.000000000 
20830.577003129 0.000000000 
20830.578003038 0.000000000 
20830.579003136 0.000000000 
20830.580003279 0.000000000 
20830.581003089 0.000000000 
20830.582003089 0.000000000 
20830.583003179 0.000000000 
20830.584003170 0.000000000 
20830.585003085 0.000000000 
20830.586003080 0.000000000 
20830.587003158 0.000000000 
20830.588003131 0.000000000 
20830.589003121 0.000000000 
20830.590003028 0.000000000 
20830.591003767 0.000000000 
20830.592003237 0.000000000 
20830.593003122 0.000000000 
20830.594003114 0.000000000 
20830.595003171 0.000000000 
20830.596003241 0.000000000 
20830.597005200 0.000000000 
20830.598003311 0.000000000 
20830.599003135 0.000000000 
20830.600003409 0.000000000 
20830.601003537 0.000000000 
20830.602003083 0.000000000 
20830.603003119 0.000000000 
20830.604003179 0.000000000 
20830.605003129 0.000000000 
20830.606003084 0.000000000 
20830.607003091 0.000000000 
20830.608003129 0.000000000 
20830.609003176 0.000000000 
20830.610003372 0.000000000 
20830.611003402 0.000000000 
20830.612003463 0.000000000 
20830.613003423 0.000000000 
20830.614003048 0.000000000 
20830.615003072 0.000000000 
20830.616003210 0.000000000 
20830.617003114 0.000000000 
20830.618003056 0.000000000 
20830.619003057 0.000000000 
20830.620003252 0.000000000 
20830.621003119 0.000000000 
20830.622003135 0.000000000 
20830.623003076 0.000000000 
20830.624003036 0.000000000 
20830.625003142 0.000000000 
20830.626003044 0.000000000 
20830.627003095 0.000000000 
20830.628003190 0.000000000 
20830.629003154 0.000000000 
20830.630003235 0.000000000 
20830.631003138 0.000000000 
20830.632003192 0.000000000 
20830.633003206 0.000000000 
20830.634003120 0.000000000 
20830.635003075 0.000000000 
20830.636005555 0.000000000 
20830.637003359 0.000000000 
20830.638003044 0.000000000 
20830.639003194 0.000000000 
20830.640003174 0.000000000 
20830.641003326 0.000000000 
20830.642003104 0.000000000 
20830.643003160 0.000000000 
20830.644003202 0.000000000 
20830.645003165 0.000000000 
20830.646003114 0.000000000 
20830.647003063 0.000000000 
20830.648003192 0.000000000 
20830.649003189 0.000000000 
20830.650003143 0.000000000 
20830.651003105 0.000000000 
20830.652003139 0.000000000 
20830.653003770 0.000000000 
20830.654003109 0.000000000 
20830.655003073 0.000000000 
20830.656003186 0.000000000 
20830.657003138 0.000000000 
20830.658003080 0.000000000 
20830.659003232 0.000000000 
20830.660003363 0.000000000 
20830.661003110 0.000000000 
20830.662003255 0.000000000 
20830.663003378 0.000000000 
20830.664003137 0.000000000 
20830.665003230 0.000000000 
20830.666003082 0.000000000 
20830.667003135 0.000000000 
20830.668003174 0.000000000 
20830.669003187 0.000000000 
20830.670003119 0.000000000 
20830.671003098 0.000000000 
20830.672003118 0.000000000 
20830.673003161 0.000000000 
20830.674003238 0.000000000 
20830.675003774 0.000000000 
20830.676003127 0.000000000 
20830.677003081 0.000000000 
20830.678003099 0.000000000 
20830.679003086 0.000000000 
20830.680003143 0.000000000 
20830.681003163 0.000000000 
20830.682003067 0.000000000 
20830.683003046 0.000000000 
20830.684003184 0.000000000 
20830.685003131 0.000000000 
20830.686003103 0.000000000 
20830.687004899 0.000000000 
20830.688004326 0.000000000 
20830.689003430 0.000000000 
20830.690003353 0.000000000 
20830.691003137 0.000000000 
20830.692003148 0.000000000 
20830.693003169 0.000000000 
20830.694003159 0.000000000 
20830.695003040 0.000000000 
20830.696003166 0.000000000 
20830.697003222 0.000000000 
20830.698003150 0.000000000 
20830.699003079 0.000000000 
20830.700003668 0.000000000 
20830.701003134 0.000000000 
20830.702003078 0.000000000 
20830.703003054 0.000000000 
20830.704002892 0.000000000 
20830.705003456 0.000000000 
20830.706003118 0.000000000 
20830.707003057 0.000000000 
20830.708003205 0.000000000 
20830.709003147 0.000000000 
20830.710003372 0.000000000 
20830.711003117 0.000000000 
20830.712003185 0.000000000 
20830.713003415 0.000000000 
20830.714003063 0.000000000 
20830.715003045 0.000000000 
20830.716003132 0.000000000 
20830.717003129 0.000000000 
20830.718003070 0.000000000 
20830.719003034 0.000000000 
20830.720003130 0.000000000 
20830.721003186 0.000000000 
20830.722003084 0.000000000 
20830.723002934 0.000000000 
20830.724003187 0.000000000 
20830.725003249 0.000000000 
20830.726003069 0.000000000 
20830.727003070 0.000000000 
20830.728003144 0.000000000 
20830.729003137 0.000000000 
20830.730003068 0.000000000 
20830.731003050 0.000000000 
20830.732003131 0.000000000 
20830.733003120 0.000000000 
20830.734003085 0.000000000 
20830.735003083 0.000000000 
20830.736003106 0.000000000 
20830.737003105 0.000000000 
20830.738003076 0.000000000 
20830.739003035 0.000000000 
20830.740003127 0.000000000 
20830.741003165 0.000000000 
20830.742003122 0.000000000 
20830.743003093 0.000000000 
20830.744003140 0.000000000 
20830.745003120 0.000000000 
20830.746003102 0.000000000 
20830.747003064 0.000000000 
20830.748003109 0.000000000 
20830.749003106 0.000000000 
20830.750003415 0.000000000 
20830.751003112 0.000000000 
20830.752003938 0.000000000 
20830.753003212 0.000000000 
20830.754003059 0.000000000 
20830.755003202 0.000000000 
20830.756003126 0.000000000 
20830.757003154 0.000000000 
20830.758003011 0.000000000 
20830.759004896 0.000000000 
20830.760003453 0.000000000 
20830.761003121 0.000000000 
20830.762003297 0.000000000 
20830.763003330 0.000000000 
20830.764004526 0.000000000 
20830.765003107 0.000000000 
20830.766003226 0.000000000 
20830.767003317 0.000000000 
20830.768003067 0.000000000 
20830.769003175 0.000000000 
20830.770003211 0.000000000 
20830.771003086 0.000000000 
20830.772003167 0.000000000 
20830.773003096 0.000000000 
20830.774003149 0.000000000 
20830.775003190 0.000000000 
20830.776003164 0.000000000 
20830.777003091 0.000000000 
20830.778003193 0.000000000 
20830.779003188 0.000000000 
20830.780003115 0.000000000 
20830.781003028 0.000000000 
20830.782003117 0.000000000 
20830.783003123 0.000000000 
20830.784003149 0.000000000 
20830.785003145 0.000000000 
20830.786003105 0.000000000 
20830.787003157 0.000000000 
20830.788003098 0.000000000 
20830.789003086 0.000000000 
20830.790003173 0.000000000 
20830.791003141 0.000000000 
20830.792003144 0.000000000 
20830.793003034 0.000000000 
20830.794003197 0.000000000 
20830.795003231 0.000000000 
20830.796003186 0.000000000 
20830.797005049 0.000000000 
20830.798003257 0.000000000 
20830.799003266 0.000000000 
20830.800003223 0.000000000 
20830.801003313 0.000000000 
20830.802003111 0.000000000 
20830.803003363 0.000000000 
20830.804003164 0.000000000 
20830.805003125 0.000000000 
20830.806003060 0.000000000 
20830.807003109 0.000000000 
20830.808003223 0.000000000 
20830.809003295 0.000000000 
20830.810003431 0.000000000 
20830.811003110 0.000000000 
20830.812003216 0.000000000 
20830.813003369 0.000000000 
20830.814003106 0.000000000 
20830.815003059 0.000000000 
20830.816003207 0.000000000 
20830.817003280 0.000000000 
20830.818003098 0.000000000 
20830.819003132 0.000000000 
20830.820003189 0.000000000 
20830.821003151 0.000000000 
20830.822003122 0.000000000 
20830.823003599 0.000000000 
20830.824003166 0.000000000 
20830.825003128 0.000000000 
20830.826003089 0.000000000 
20830.827003049 0.000000000 
20830.828005216 0.000000000 
20830.829003239 0.000000000 
20830.830003052 0.000000000 
20830.831003229 0.000000000 
20830.832003209 0.000000000 
20830.833003128 0.000000000 
20830.834003055 0.000000000 
20830.835003064 0.000000000 
20830.836003175 0.000000000 
20830.837003117 0.000000000 
20830.838003085 0.000000000 
20830.839003092 0.000000000 
20830.840003184 0.000000000 
20830.841003288 0.000000000 
20830.842003075 0.000000000 
20830.843003304 0.000000000 
20830.844003131 0.000000000 
20830.845003142 0.000000000 
20830.846003088 0.000000000 
20830.847003121 0.000000000 
20830.848003143 0.000000000 
20830.849003171 0.000000000 
20830.850003536 0.000000000 
20830.851003062 0.000000000 
20830.852003821 0.000000000 
20830.853003653 0.000000000 
20830.854003103 0.000000000 
20830.855003201 0.000000000 
20830.856003144 0.000000000 
20830.857003145 0.000000000 
20830.858003081 0.000000000 
20830.859003121 0.000000000 
20830.860003452 0.000000000 
20830.861003112 0.000000000 
20830.862003123 0.000000000 
20830.863003223 0.000000000 
20830.864003200 0.000000000 
20830.865003113 0.000000000 
20830.866003105 0.000000000 
20830.867003180 0.000000000 
20830.868003151 0.000000000 
20830.869003074 0.000000000 
20830.870003132 0.000000000 
20830.871003191 0.000000000 
20830.872003149 0.000000000 
20830.873003131 0.000000000 
20830.874003057 0.000000000 
20830.875003191 0.000000000 
20830.876003200 0.000000000 
20830.877003077 0.000000000 
20830.878003156 0.000000000 
20830.879003192 0.000000000 
20830.880003172 0.000000000 
20830.881003138 0.000000000 
20830.882003032 0.000000000 
20830.883003097 0.000000000 
20830.884003169 0.000000000 
20830.885003083 0.000000000 
20830.886003138 0.000000000 
20830.887003113 0.000000000 
20830.888003134 0.000000000 
20830.889003144 0.000000000 
20830.890003064 0.000000000 
20830.891003122 0.000000000 
20830.892003177 0.000000000 
20830.893003133 0.000000000 
20830.894003274 0.000000000 
20830.895003138 0.000000000 
20830.896003038 0.000000000 
20830.897003229 0.000000000 
20830.898003560 0.000000000 
20830.899003223 0.000000000 
20830.900003264 0.000000000 
20830.901003032 0.000000000 
20830.902003059 0.000000000 
20830.903003120 0.000000000 
20830.904003172 0.000000000 
20830.905003047 0.000000000 
20830.906003121 0.000000000 
20830.907003183 0.000000000 
20830.908003142 0.000000000 
20830.909003373 0.000000000 
20830.910004552 0.000000000 
20830.911003312 0.000000000 
20830.912003175 0.000000000 
20830.913003325 0.000000000 
20830.914003212 0.000000000 
20830.915003128 0.000000000 
20830.916003153 0.000000000 
20830.917003190 0.000000000 
20830.918003175 0.000000000 
20830.919003101 0.000000000 
20830.920003150 0.000000000 
20830.921003239 0.000000000 
20830.922003149 0.000000000 
20830.923008886 0.000000000 
20830.924017464 0.000000000 
20830.925026472 0.000000000 
20830.926008924 0.000000000 
20830.927003398 0.000000000 
20830.928003932 0.000000000 
20830.929003696 0.000000000 
20830.930003476 0.000000000 
20830.931003266 0.000000000 
20830.932003096 0.000000000 
20830.933003141 0.000000000 
20830.934003097 0.000000000 
20830.935003087 0.000000000 
20830.936003120 0.000000000 
20830.937003460 0.000000000 
20830.938003280 0.000000000 
20830.939003708 0.000000000 
20830.940002925 0.000000000 
20830.941003173 0.000000000 
20830.942003095 0.000000000 
20830.943003402 0.000000000 
20830.944002823 0.000000000 
20830.945003332 0.000000000 
20830.946003030 0.000000000 
20830.947005391 0.000000000 
20830.948003368 0.000000000 
20830.949003131 0.000000000 
20830.950003620 0.000000000 
20830.951003324 0.000000000 
20830.952004146 0.000000000 
20830.953003549 0.000000000 
20830.954003077 0.000000000 
20830.955003073 0.000000000 
20830.956005237 0.000000000 
20830.957003339 0.000000000 
20830.958003196 0.000000000 
20830.959003347 0.000000000 
20830.960003163 0.000000000 
20830.961003169 0.000000000 
20830.962003107 0.000000000 
20830.963003338 0.000000000 
20830.964003578 0.000000000 
20830.965003111 0.000000000 
20830.966003146 0.000000000 
20830.967003102 0.000000000 
20830.968003245 0.000000000 
20830.969003463 0.000000000 
20830.970003058 0.000000000 
20830.971003021 0.000000000 
20830.972003194 0.000000000 
20830.973003156 0.000000000 
20830.974003138 0.000000000 
20830.975003069 0.000000000 
20830.976003274 0.000000000 
20830.977003142 0.000000000 
20830.978003264 0.000000000 
20830.979003548 0.000000000 
20830.980003224 0.000000000 
20830.981003120 0.000000000 
20830.982003173 0.000000000 
20830.983003248 0.000000000 
20830.984003319 0.000000000 
20830.985003159 0.000000000 
20830.986003128 0.000000000 
20830.987003625 0.000000000 
20830.988003205 0.000000000 
20830.989003140 0.000000000 
20830.990003112 0.000000000 
20830.991003382 0.000000000 
20830.992003135 0.000000000 
20830.993003335 0.000000000 
20830.994007249 0.000000000 
20830.995003118 0.000000000 
20830.996003167 0.000000000 
20830.997005127 0.000000000 
20830.998004920 0.000000000 
20830.999003321 0.000000000 
20831.000003662 0.000000000 
20831.001003141 0.000000000 
20831.002003262 0.000000000 
20831.003003131 0.000000000 
20831.004003144 0.000000000 
20831.005003317 0.000000000 
20831.006003204 0.000000000 
20831.007003085 0.000000000 
20831.008003068 0.000000000 
20831.009003556 0.000000000 
20831.010006777 0.000000000 
20831.011016548 0.000000000 
20831.012018698 0.000000000 
20831.013004642 0.000000000 
20831.014003678 0.000000000 
20831.015003670 0.000000000 
20831.016007348 0.000000000 
20831.017003757 0.000000000 
20831.018003183 0.000000000 
20831.019003235 0.000000000 
20831.020007349 0.000000000 
20831.021003859 0.000000000 
20831.022003235 0.000000000 
20831.023014142 0.000000000 
20831.024021911 0.000000000 
20831.025020043 0.000000000 
20831.026011173 0.000000000 
20831.027003830 0.000000000 
20831.028003540 0.000000000 
20831.029003645 0.000000000 
20831.030003894 0.000000000 
20831.031003381 0.000000000 
20831.032003172 0.000000000 
20831.033003143 0.000000000 
20831.034003547 0.000000000 
20831.035003915 0.000000000 
20831.036003588 0.000000000 
20831.037003531 0.000000000 
20831.038005499 0.000000000 
20831.039003460 0.000000000 
20831.040004264 0.000000000 
20831.041003241 0.000000000 
20831.042003239 0.000000000 
20831.043003134 0.000000000 
20831.044002940 0.000000000 
20831.045003387 0.000000000 
20831.046003594 0.000000000 
20831.047003101 0.000000000 
